m = 1;
g = 9.8;
T = 10;